{
 "cells": [
  {
   "cell_type": "code",
   "execution_count": 1,
   "metadata": {
    "collapsed": false,
    "deletable": true,
    "editable": true
   },
   "outputs": [],
   "source": [
    "from clustergrammer import Network\n",
    "net = Network()"
   ]
  },
  {
   "cell_type": "code",
   "execution_count": 2,
   "metadata": {
    "collapsed": false,
    "deletable": true,
    "editable": true
   },
   "outputs": [],
   "source": [
    "net.load_file('txt/rc_two_cats.txt')"
   ]
  },
  {
   "cell_type": "code",
   "execution_count": 16,
   "metadata": {
    "collapsed": false,
    "deletable": true,
    "editable": true
   },
   "outputs": [
    {
     "name": "stdout",
     "output_type": "stream",
     "text": [
      "True\n",
      "initialize which_sim\n",
      "make similarity matrices of rows and columns, add to viz data structure\n",
      "in make_sim_mat, which_sim: ['row', 'col']\n"
     ]
    }
   ],
   "source": [
    "net.make_clust(sim_mat=True)"
   ]
  },
  {
   "cell_type": "code",
   "execution_count": 17,
   "metadata": {
    "collapsed": false,
    "deletable": true,
    "editable": true
   },
   "outputs": [
    {
     "data": {
      "text/plain": [
       "['col', 'row']"
      ]
     },
     "execution_count": 17,
     "metadata": {},
     "output_type": "execute_result"
    }
   ],
   "source": [
    "net.sim.keys()"
   ]
  },
  {
   "cell_type": "code",
   "execution_count": 19,
   "metadata": {
    "collapsed": false,
    "deletable": true,
    "editable": true
   },
   "outputs": [
    {
     "data": {
      "text/plain": [
       "'{\"mat\": [[1.0, -0.13819231887331052, 0.0, 0.12857082062069292, 0.5715262466094556, 0.2195385826785362, 0.6185889634564334, 0.0, -0.13223539131636697, -0.10615422126181273, 0.0, -0.24665483464934557, 0.0, 0.5325571979004502, 0.0, 0.2109573683839907, 0.19453144992151072, 0.0, 0.23851675064268252, 0.0, 0.13063540149879949, 0.0, 0.12825378949083033, 0.12865205193954443, -0.32539739035329696, -0.279412360419784, 0.30924715003187986, 0.0, -0.1919181212285952, 0.2759653909871469, 0.16610633977722, 0.0, -0.19783447986304203, -0.25077695875327954, -0.20685490708637455, 0.0, 0.0, 0.0], [-0.13819231887331052, 1.0, 0.0, 0.0, 0.14017673035419786, 0.0, 0.0, 0.0, -0.18934423315479698, 0.0, 0.0, -0.5772684905372967, -0.20855491195977893, -0.16897766619078824, 0.117172175015269, 0.10049539902670812, 0.0, 0.2775155091020425, -0.12974903912685587, -0.23396757442567306, 0.0, -0.16333173281072333, 0.6815350266695095, 0.0, 0.21921433894323616, -0.20430677329931735, 0.0, 0.0, 0.20473159734915136, 0.0, 0.0, -0.12382358199457588, -0.17140520761639677, 0.0, 0.0, 0.0, 0.18909525467958443, 0.0], [0.0, 0.0, 1.0, 0.2510401692929929, -0.22999214616531027, -0.20649771196102562, -0.21358525231981762, -0.19276276451044594, 0.0, -0.10614510183948411, -0.11887505294693401, -0.1566298965123467, 0.0, 0.280250320904185, 0.13503962418015725, 0.0, -0.11060928769677147, 0.0, -0.12149166450199345, 0.0, 0.23708330434489722, 0.0, 0.0, 0.0, 0.0, 0.0, -0.10765055823822056, 0.0, 0.1215959273022661, 0.17838823937261528, 0.27419975057235224, 0.0, -0.13499033172088248, 0.11880646030339648, 0.0, 0.0, 0.0, 0.0], [0.12857082062069292, 0.0, 0.2510401692929929, 1.0, 0.3093024473714816, 0.0, 0.0, 0.32412424474229795, 0.0, 0.0, -0.790342629835403, -0.21959110223067624, -0.6948363632469059, 0.0, 0.126620289331274, 0.19514257538274116, 0.17675014619137297, 0.0, 0.0, 0.12086112091701229, 0.13066356730262285, 0.10706128127714187, 0.18752157975234973, -0.43590602081850327, 0.10499515821422145, 0.2649488869422867, 0.11572632129141114, 0.0, 0.18505464185237352, 0.13740365540094157, 0.18852005414281348, -0.1751031383535917, -0.8194586699571709, -0.23029110523403418, -0.5586701737492492, 0.1787890213612614, -0.3475054546145604, -0.14202480344266255], [0.5715262466094556, 0.14017673035419786, -0.22999214616531027, 0.3093024473714816, 1.0, 0.20508564182000188, 0.5723063840543735, 0.207719065539421, -0.2665360832470267, 0.13687702670342294, -0.23122236465463497, -0.28677830727608167, -0.333492335589918, 0.3575072354253328, 0.1957950403835852, 0.3574043796908648, 0.0, 0.0, 0.0, 0.0, 0.0, -0.21790100287000946, 0.2782593541891092, -0.17609127715810735, 0.0, 0.0, 0.27975990732357015, 0.0, 0.10646359357901591, 0.0, 0.13373653218504888, 0.0, -0.3622131145421841, -0.12252487592588879, -0.26685467383571737, 0.0, 0.0, 0.0], [0.2195385826785362, 0.0, -0.20649771196102562, 0.0, 0.20508564182000188, 1.0, 0.29298636505403297, 0.33403569464752003, -0.22322207013661965, 0.2971177453828451, 0.0, 0.2824507188177957, 0.0, 0.0, -0.27350063968958116, 0.23336366570309275, 0.518607211116214, -0.2242472242122553, 0.0, -0.28872922297873505, -0.12531221230956513, -0.34426026245660934, -0.2133998317282737, 0.26852466897108673, -0.23323597328181678, -0.1680317835851517, 0.5147970857167636, -0.28841098745940874, 0.37682090938927626, 0.0, -0.10871671334810551, -0.2541384892198031, 0.0, -0.24665227397058098, -0.13854670615766485, -0.14076142720274576, 0.13677632960485608, -0.14849932959882728], [0.6185889634564334, 0.0, -0.21358525231981762, 0.0, 0.5723063840543735, 0.29298636505403297, 1.0, 0.17242950337017238, 0.0, 0.10790376331996787, 0.0, 0.0, 0.0, 0.3747981095244287, 0.15751951287436694, 0.0, 0.18620676474065867, -0.12381718220806426, 0.20669468066074348, -0.2003845877816155, 0.0, 0.0, 0.0, 0.0, -0.21039067606140316, -0.12337455131915509, 0.44426304159029906, 0.0, 0.0, 0.21381885637198084, -0.1683616929369105, 0.0, 0.0, 0.0, 0.0, 0.0, 0.0, 0.27384952213137714], [0.0, 0.0, -0.19276276451044594, 0.32412424474229795, 0.207719065539421, 0.33403569464752003, 0.17242950337017238, 1.0, 0.2170936391977627, 0.1286234555605772, -0.2532055179639081, 0.35139859775759863, -0.3993134581619944, 0.0, 0.0, 0.0, 0.2123888729207819, 0.0, -0.12803631961781492, -0.19680516819941918, -0.1897753643276452, -0.157710976295675, 0.0, -0.13336610339263233, 0.0, 0.0, 0.2585937790122538, 0.0, 0.1407278351818667, 0.0, 0.0, -0.22497479582715596, -0.24467477178884955, -0.12780500329033995, -0.2313259600275379, -0.27614965181661844, 0.0, 0.13168188520654556], [-0.13223539131636697, -0.18934423315479698, 0.0, 0.0, -0.2665360832470267, -0.22322207013661965, 0.0, 0.2170936391977627, 1.0, -0.20088450526818846, 0.0, 0.10022108413126396, 0.0, -0.12197463873545278, 0.0, -0.826458106396577, -0.13619589209636773, -0.14763798579673204, -0.11082591151463594, 0.0, -0.14468824503382383, 0.4421004852368322, -0.24287530906214694, -0.1776225464281478, -0.29603769967093285, 0.18537516215228267, 0.36957911102869434, -0.16108874788413452, -0.10433927450852365, 0.0, 0.0, 0.0, 0.0, 0.0, -0.16558061243147693, 0.0, 0.0, 0.2689585569425381], [-0.10615422126181273, 0.0, -0.10614510183948411, 0.0, 0.13687702670342294, 0.2971177453828451, 0.10790376331996787, 0.1286234555605772, -0.20088450526818846, 1.0, -0.18535960384139472, 0.12686276695913834, -0.16713071606884577, 0.0, -0.17049648045043764, 0.16068090852657002, 0.1687454199210876, 0.0, -0.23990921796962317, -0.13767574390230508, -0.19480951781123435, -0.32353527161419393, 0.0, 0.0, 0.0, 0.0, 0.14219867461861235, -0.22067241515951208, 0.25528085653839394, 0.19255994547629052, 0.0, -0.24059482911691, -0.14218849236986908, 0.0, 0.0, 0.0, 0.0, -0.2003291986042699], [0.0, 0.0, -0.11887505294693401, -0.790342629835403, -0.23122236465463497, 0.0, 0.0, -0.2532055179639081, 0.0, -0.18535960384139472, 1.0, 0.20249388418718128, 0.7676240248670886, 0.0, 0.0, 0.0, -0.11433710016953258, 0.0, 0.0, -0.10986402021426156, 0.0, -0.19795213129997324, -0.1903906755620206, 0.6659768189664583, 0.0, 0.0, -0.2061352425024201, 0.1784516321389955, -0.14468671927925247, -0.1258831719888931, -0.19487352583002426, 0.0, 0.9356216665681495, 0.14306082487673888, 0.5687019199773362, -0.20523992588565587, 0.19278069713655122, 0.0], [-0.24665483464934557, -0.5772684905372967, -0.1566298965123467, -0.21959110223067624, -0.28677830727608167, 0.2824507188177957, 0.0, 0.35139859775759863, 0.10022108413126396, 0.12686276695913834, 0.20249388418718128, 1.0, 0.12860343310404332, 0.0, -0.355348575511683, 0.0, 0.19262841499304872, -0.1693310840246105, 0.0, 0.0, -0.21612330569039817, -0.10634637622934484, -0.6772641345106201, 0.24165286349683568, 0.0, 0.11308382565206765, 0.0, 0.0, 0.23850426682844883, -0.196049691130886, 0.0, 0.0, 0.2681245401196344, 0.0, 0.1538610756001626, -0.17394142084956177, -0.16282547740109865, 0.0], [0.0, -0.20855491195977893, 0.0, -0.6948363632469059, -0.333492335589918, 0.0, 0.0, -0.3993134581619944, 0.0, -0.16713071606884577, 0.7676240248670886, 0.12860343310404332, 1.0, -0.128361399539628, 0.1111754061879886, 0.0, 0.0, 0.0, 0.0, 0.0, 0.2550853377716875, -0.159171557518218, -0.28330868373142915, 0.416985560675593, 0.0, -0.14650549310127103, -0.35003342738022525, 0.32692036726498586, -0.31326395493387604, -0.20045090560909218, -0.14626538502379827, 0.0, 0.820814486679676, 0.0, 0.4747283117935164, -0.18469968191961295, 0.18104777604833888, -0.13550941597004362], [0.5325571979004502, -0.16897766619078824, 0.280250320904185, 0.0, 0.3575072354253328, 0.0, 0.3747981095244287, 0.0, -0.12197463873545278, 0.0, 0.0, 0.0, -0.128361399539628, 1.0, 0.0, 0.1785345284477171, -0.1930341176407433, 0.0, 0.176322153036095, -0.11822600088379365, 0.16280844848914777, 0.0, 0.0, 0.1856819628478099, -0.23773345081208763, -0.14042449531583534, 0.2782870806944293, 0.0, 0.0, 0.20206820899547417, 0.22793156778344892, 0.13071453752431994, 0.0, 0.0, 0.0, 0.0, -0.19620951718569213, 0.0], [0.0, 0.117172175015269, 0.13503962418015725, 0.126620289331274, 0.1957950403835852, -0.27350063968958116, 0.15751951287436694, 0.0, 0.0, -0.17049648045043764, 0.0, -0.355348575511683, 0.1111754061879886, 0.0, 1.0, 0.0, 0.0, 0.0, 0.0, -0.19158818199893157, 0.6471351973642347, 0.15742998208488768, 0.26894577810615694, -0.36592202374180105, 0.23841542784041914, 0.0, 0.0, 0.35006518379628426, -0.19840089619840207, 0.17448147546990633, 0.0, -0.2735702851019386, 0.0, 0.0, 0.0, 0.30331007978417945, -0.30921434127899894, 0.12677637981564926], [0.2109573683839907, 0.10049539902670812, 0.0, 0.19514257538274116, 0.3574043796908648, 0.23336366570309275, 0.0, 0.0, -0.826458106396577, 0.16068090852657002, 0.0, 0.0, 0.0, 0.1785345284477171, 0.0, 1.0, 0.19462689152740886, 0.0, 0.13023773387188742, 0.0, 0.0, -0.5332913299386899, 0.2340673181025995, 0.17550064260834286, 0.2593485842255543, 0.0, -0.4015016836633165, 0.15440281574789694, 0.13688890671423526, 0.0, 0.1873626077835544, -0.16511549427128136, 0.0, 0.0, 0.0, 0.0, 0.0, -0.3734200325568806], [0.19453144992151072, 0.0, -0.11060928769677147, 0.17675014619137297, 0.0, 0.518607211116214, 0.18620676474065867, 0.2123888729207819, -0.13619589209636773, 0.1687454199210876, -0.11433710016953258, 0.19262841499304872, 0.0, -0.1930341176407433, 0.0, 0.19462689152740886, 1.0, -0.12919064557240434, 0.0, 0.0, 0.0, -0.20194699491718748, 0.0, 0.1445056537229884, 0.0, 0.0, 0.1915571093712264, 0.0, 0.0, 0.10491184484460003, 0.10366530591019407, -0.25566908713289194, -0.19117247023118522, 0.0, 0.0, 0.0, 0.0, -0.17488000622489697], [0.0, 0.2775155091020425, 0.0, 0.0, 0.0, -0.2242472242122553, -0.12381718220806426, 0.0, -0.14763798579673204, 0.0, 0.0, -0.1693310840246105, 0.0, 0.0, 0.0, 0.0, -0.12919064557240434, 1.0, 0.13829732493155522, -0.14507521018010627, 0.13164037069838674, 0.0, 0.0, 0.0, 0.3824324960242138, -0.20572030020687393, -0.17242058702105112, 0.0, -0.1337435268961975, 0.15021349210295643, 0.0, 0.0, -0.13819719865408242, -0.16077974355382052, 0.0, 0.0, 0.10810021825119343, 0.0], [0.23851675064268252, -0.12974903912685587, -0.12149166450199345, 0.0, 0.0, 0.0, 0.20669468066074348, -0.12803631961781492, -0.11082591151463594, -0.23990921796962317, 0.0, 0.0, 0.0, 0.176322153036095, 0.0, 0.13023773387188742, 0.0, 0.13829732493155522, 1.0, -0.12717797400068465, 0.0, -0.18487937119041864, -0.10850503804475142, -0.17512914087387776, 0.0, -0.26326996246608125, 0.0, 0.0, 0.0, 0.0, 0.23893394102173915, 0.14858270261454798, 0.0, 0.0, -0.27616977827215616, -0.11588046021748144, 0.0, -0.1744836659815885], [0.0, -0.23396757442567306, 0.0, 0.12086112091701229, 0.0, -0.28872922297873505, -0.2003845877816155, -0.19680516819941918, 0.0, -0.13767574390230508, -0.10986402021426156, 0.0, 0.0, -0.11822600088379365, -0.19158818199893157, 0.0, 0.0, -0.14507521018010627, -0.12717797400068465, 1.0, -0.11689442654481175, 0.0, 0.0, -0.10903196197803844, -0.1691385794580622, 0.5553001412643049, -0.3210166658556881, 0.0, -0.1275256764697592, -0.10899202463628122, 0.0, 0.0, 0.0, 0.16044007060134402, 0.0, 0.16567788559613605, 0.0, -0.172329013146989], [0.13063540149879949, 0.0, 0.23708330434489722, 0.13066356730262285, 0.0, -0.12531221230956513, 0.0, -0.1897753643276452, -0.14468824503382383, -0.19480951781123435, 0.0, -0.21612330569039817, 0.2550853377716875, 0.16280844848914777, 0.6471351973642347, 0.0, 0.0, 0.13164037069838674, 0.0, -0.11689442654481175, 1.0, 0.0, 0.0, -0.14594974790304138, 0.18679773305735037, -0.2638380593258913, 0.0, 0.3268980786131457, -0.16759331920344556, 0.0, 0.23282258496678887, -0.1405279031151876, 0.0, 0.0, 0.0, 0.37345133163736977, 0.0, 0.0], [0.0, -0.16333173281072333, 0.0, 0.10706128127714187, -0.21790100287000946, -0.34426026245660934, 0.0, -0.157710976295675, 0.4421004852368322, -0.32353527161419393, -0.19795213129997324, -0.10634637622934484, -0.159171557518218, 0.0, 0.15742998208488768, -0.5332913299386899, -0.20194699491718748, 0.0, -0.18487937119041864, 0.0, 0.0, 1.0, 0.0, -0.23581160945803714, -0.2531899574548593, 0.22986838473047133, 0.14626501817735016, -0.11492997947960037, -0.17030922709508012, 0.18783001907729047, -0.14483358675786917, 0.19699296537998456, -0.1254701607085733, -0.34021858554108775, -0.14296482211406936, 0.26397834319106894, -0.35022545690906215, 0.5874879876965909], [0.12825378949083033, 0.6815350266695095, 0.0, 0.18752157975234973, 0.2782593541891092, -0.2133998317282737, 0.0, 0.0, -0.24287530906214694, 0.0, -0.1903906755620206, -0.6772641345106201, -0.28330868373142915, 0.0, 0.26894577810615694, 0.2340673181025995, 0.0, 0.0, -0.10850503804475142, 0.0, 0.0, 0.0, 1.0, -0.12581852791212156, 0.2318813281650247, -0.24921751621179533, -0.14540603324293944, 0.11020237552388878, 0.0, 0.16574392048940034, 0.0, -0.12602011340299546, -0.2565622842111204, 0.0, 0.0, 0.12348984967478727, 0.13544278503357454, 0.0], [0.12865205193954443, 0.0, 0.0, -0.43590602081850327, -0.17609127715810735, 0.26852466897108673, 0.0, -0.13336610339263233, -0.1776225464281478, 0.0, 0.6659768189664583, 0.24165286349683568, 0.416985560675593, 0.1856819628478099, -0.36592202374180105, 0.17550064260834286, 0.1445056537229884, 0.0, -0.17512914087387776, -0.10903196197803844, -0.14594974790304138, -0.23581160945803714, -0.12581852791212156, 1.0, -0.1689026580076527, 0.0, 0.0, -0.10525591669999135, 0.0, 0.0, 0.0, 0.0, 0.5851055257168157, 0.0, 0.45316138175122034, -0.1903678160235469, 0.21769829754280545, 0.0], [-0.32539739035329696, 0.21921433894323616, 0.0, 0.10499515821422145, 0.0, -0.23323597328181678, -0.21039067606140316, 0.0, -0.29603769967093285, 0.0, 0.0, 0.0, 0.0, -0.23773345081208763, 0.23841542784041914, 0.2593485842255543, 0.0, 0.3824324960242138, 0.0, -0.1691385794580622, 0.18679773305735037, -0.2531899574548593, 0.2318813281650247, -0.1689026580076527, 1.0, 0.0, -0.3109402247547597, 0.6016251661502856, 0.0, 0.0, 0.1915818351955031, 0.3306886454021494, 0.0, 0.0, 0.0, 0.0, 0.0, -0.125788260567667], [-0.279412360419784, -0.20430677329931735, 0.0, 0.2649488869422867, 0.0, -0.1680317835851517, -0.12337455131915509, 0.0, 0.18537516215228267, 0.0, 0.0, 0.11308382565206765, -0.14650549310127103, -0.14042449531583534, 0.0, 0.0, 0.0, -0.20572030020687393, -0.26326996246608125, 0.5553001412643049, -0.2638380593258913, 0.22986838473047133, -0.24921751621179533, 0.0, 0.0, 1.0, 0.0, 0.0, 0.0, 0.0, -0.12837294748448103, -0.16652080643384393, 0.0, 0.12492656378582345, 0.0, 0.2295397693620751, -0.4020734967066715, 0.0], [0.30924715003187986, 0.0, -0.10765055823822056, 0.11572632129141114, 0.27975990732357015, 0.5147970857167636, 0.44426304159029906, 0.2585937790122538, 0.36957911102869434, 0.14219867461861235, -0.2061352425024201, 0.0, -0.35003342738022525, 0.2782870806944293, 0.0, -0.4015016836633165, 0.1915571093712264, -0.17242058702105112, 0.0, -0.3210166658556881, 0.0, 0.14626501817735016, -0.14540603324293944, 0.0, -0.3109402247547597, 0.0, 1.0, -0.3259692122984319, 0.10269749557353858, 0.23443475091416066, -0.10644924785069598, 0.0, -0.26831528552488715, -0.13252554440121034, -0.2964527074745378, 0.0, 0.0, 0.1999257774361448], [0.0, 0.0, 0.0, 0.0, 0.0, -0.28841098745940874, 0.0, 0.0, -0.16108874788413452, -0.22067241515951208, 0.1784516321389955, 0.0, 0.32692036726498586, 0.0, 0.35006518379628426, 0.15440281574789694, 0.0, 0.0, 0.0, 0.0, 0.3268980786131457, -0.11492997947960037, 0.11020237552388878, -0.10525591669999135, 0.6016251661502856, 0.0, -0.3259692122984319, 1.0, 0.0, 0.0, 0.23173342927967455, 0.25575929475739, 0.1561841210456495, 0.0, 0.1422388452477411, 0.0, -0.42388543416387847, 0.0], [-0.1919181212285952, 0.20473159734915136, 0.1215959273022661, 0.18505464185237352, 0.10646359357901591, 0.37682090938927626, 0.0, 0.1407278351818667, -0.10433927450852365, 0.25528085653839394, -0.14468671927925247, 0.23850426682844883, -0.31326395493387604, 0.0, -0.19840089619840207, 0.13688890671423526, 0.0, -0.1337435268961975, 0.0, -0.1275256764697592, -0.16759331920344556, -0.17030922709508012, 0.0, 0.0, 0.0, 0.0, 0.10269749557353858, 0.0, 1.0, 0.0, 0.0, -0.21992750023267704, -0.20358773681579923, 0.0, 0.0, 0.0, -0.2348789041081707, 0.0], [0.2759653909871469, 0.0, 0.17838823937261528, 0.13740365540094157, 0.0, 0.0, 0.21381885637198084, 0.0, 0.0, 0.19255994547629052, -0.1258831719888931, -0.196049691130886, -0.20045090560909218, 0.20206820899547417, 0.17448147546990633, 0.0, 0.10491184484460003, 0.15021349210295643, 0.0, -0.10899202463628122, 0.0, 0.18783001907729047, 0.16574392048940034, 0.0, 0.0, 0.0, 0.23443475091416066, 0.0, 0.0, 1.0, 0.0, 0.0, -0.2093585156909481, -0.2596438257902425, 0.0, 0.2611242012796475, 0.0, 0.15687960692977876], [0.16610633977722, 0.0, 0.27419975057235224, 0.18852005414281348, 0.13373653218504888, -0.10871671334810551, -0.1683616929369105, 0.0, 0.0, 0.0, -0.19487352583002426, 0.0, -0.14626538502379827, 0.22793156778344892, 0.0, 0.1873626077835544, 0.10366530591019407, 0.0, 0.23893394102173915, 0.0, 0.23282258496678887, -0.14483358675786917, 0.0, 0.0, 0.1915818351955031, -0.12837294748448103, -0.10644924785069598, 0.23173342927967455, 0.0, 0.0, 1.0, 0.25629265211323815, -0.19801076146738694, 0.0, -0.3176192472504138, 0.0, 0.0, 0.0], [0.0, -0.12382358199457588, 0.0, -0.1751031383535917, 0.0, -0.2541384892198031, 0.0, -0.22497479582715596, 0.0, -0.24059482911691, 0.0, 0.0, 0.0, 0.13071453752431994, -0.2735702851019386, -0.16511549427128136, -0.25566908713289194, 0.0, 0.14858270261454798, 0.0, -0.1405279031151876, 0.19699296537998456, -0.12602011340299546, 0.0, 0.3306886454021494, -0.16652080643384393, 0.0, 0.25575929475739, -0.21992750023267704, 0.0, 0.25629265211323815, 1.0, 0.10220930606225265, 0.0, 0.0, -0.10390179394525934, 0.0, 0.16277024606035828], [-0.19783447986304203, -0.17140520761639677, -0.13499033172088248, -0.8194586699571709, -0.3622131145421841, 0.0, 0.0, -0.24467477178884955, 0.0, -0.14218849236986908, 0.9356216665681495, 0.2681245401196344, 0.820814486679676, 0.0, 0.0, 0.0, -0.19117247023118522, -0.13819719865408242, 0.0, 0.0, 0.0, -0.1254701607085733, -0.2565622842111204, 0.5851055257168157, 0.0, 0.0, -0.26831528552488715, 0.1561841210456495, -0.20358773681579923, -0.2093585156909481, -0.19801076146738694, 0.10220930606225265, 1.0, 0.0, 0.6156951928480917, -0.22571925021413275, 0.19266141718652907, 0.0], [-0.25077695875327954, 0.0, 0.11880646030339648, -0.23029110523403418, -0.12252487592588879, -0.24665227397058098, 0.0, -0.12780500329033995, 0.0, 0.0, 0.14306082487673888, 0.0, 0.0, 0.0, 0.0, 0.0, 0.0, -0.16077974355382052, 0.0, 0.16044007060134402, 0.0, -0.34021858554108775, 0.0, 0.0, 0.0, 0.12492656378582345, -0.13252554440121034, 0.0, 0.0, -0.2596438257902425, 0.0, 0.0, 0.0, 1.0, 0.12390929542263984, 0.0, 0.0, -0.21525027817817843], [-0.20685490708637455, 0.0, 0.0, -0.5586701737492492, -0.26685467383571737, -0.13854670615766485, 0.0, -0.2313259600275379, -0.16558061243147693, 0.0, 0.5687019199773362, 0.1538610756001626, 0.4747283117935164, 0.0, 0.0, 0.0, 0.0, 0.0, -0.27616977827215616, 0.0, 0.0, -0.14296482211406936, 0.0, 0.45316138175122034, 0.0, 0.0, -0.2964527074745378, 0.1422388452477411, 0.0, 0.0, -0.3176192472504138, 0.0, 0.6156951928480917, 0.12390929542263984, 1.0, 0.21337494134947677, 0.11400666770252144, 0.0], [0.0, 0.0, 0.0, 0.1787890213612614, 0.0, -0.14076142720274576, 0.0, -0.27614965181661844, 0.0, 0.0, -0.20523992588565587, -0.17394142084956177, -0.18469968191961295, 0.0, 0.30331007978417945, 0.0, 0.0, 0.0, -0.11588046021748144, 0.16567788559613605, 0.37345133163736977, 0.26397834319106894, 0.12348984967478727, -0.1903678160235469, 0.0, 0.2295397693620751, 0.0, 0.0, 0.0, 0.2611242012796475, 0.0, -0.10390179394525934, -0.22571925021413275, 0.0, 0.21337494134947677, 1.0, 0.0, 0.0], [0.0, 0.18909525467958443, 0.0, -0.3475054546145604, 0.0, 0.13677632960485608, 0.0, 0.0, 0.0, 0.0, 0.19278069713655122, -0.16282547740109865, 0.18104777604833888, -0.19620951718569213, -0.30921434127899894, 0.0, 0.0, 0.10810021825119343, 0.0, 0.0, 0.0, -0.35022545690906215, 0.13544278503357454, 0.21769829754280545, 0.0, -0.4020734967066715, 0.0, -0.42388543416387847, -0.2348789041081707, 0.0, 0.0, 0.0, 0.19266141718652907, 0.0, 0.11400666770252144, 0.0, 1.0, -0.14962644344310405], [0.0, 0.0, 0.0, -0.14202480344266255, 0.0, -0.14849932959882728, 0.27384952213137714, 0.13168188520654556, 0.2689585569425381, -0.2003291986042699, 0.0, 0.0, -0.13550941597004362, 0.0, 0.12677637981564926, -0.3734200325568806, -0.17488000622489697, 0.0, -0.1744836659815885, -0.172329013146989, 0.0, 0.5874879876965909, 0.0, 0.0, -0.125788260567667, 0.0, 0.1999257774361448, 0.0, 0.0, 0.15687960692977876, 0.0, 0.16277024606035828, 0.0, -0.21525027817817843, 0.0, 0.0, -0.14962644344310405, 1.0]], \"links\": [], \"views\": [{\"N_row_sum\": \"all\", \"dist\": \"cos\", \"nodes\": {\"row_nodes\": [{\"group\": [20.0, 17.0, 12.0, 9.0, 4.0, 4.0, 1.0, 1.0, 1.0, 1.0, 1.0], \"name\": \"Gene: CDK4\", \"clust\": 22, \"cat_0_index\": 0, \"rank\": 35, \"cat-0\": \"Gene Type: Interesting\", \"rankvar\": 25, \"ini\": 38}, {\"group\": [27.0, 24.0, 16.0, 13.0, 6.0, 6.0, 1.0, 1.0, 1.0, 1.0, 1.0], \"name\": \"Gene: LMTK3\", \"clust\": 27, \"cat_0_index\": 17, \"rank\": 12, \"cat-0\": \"Gene Type: Not Interesting\", \"rankvar\": 20, \"ini\": 37}, {\"group\": [36.0, 32.0, 22.0, 18.0, 7.0, 6.0, 1.0, 1.0, 1.0, 1.0, 1.0], \"name\": \"Gene: LRRK2\", \"clust\": 36, \"cat_0_index\": 18, \"rank\": 18, \"cat-0\": \"Gene Type: Not Interesting\", \"rankvar\": 3, \"ini\": 36}, {\"group\": [38.0, 34.0, 24.0, 19.0, 7.0, 6.0, 1.0, 1.0, 1.0, 1.0, 1.0], \"name\": \"Gene: UHMK1\", \"clust\": 35, \"cat_0_index\": 19, \"rank\": 4, \"cat-0\": \"Gene Type: Not Interesting\", \"rankvar\": 35, \"ini\": 35}, {\"group\": [22.0, 19.0, 12.0, 9.0, 4.0, 4.0, 1.0, 1.0, 1.0, 1.0, 1.0], \"name\": \"Gene: EGFR\", \"clust\": 21, \"cat_0_index\": 1, \"rank\": 33, \"cat-0\": \"Gene Type: Interesting\", \"rankvar\": 28, \"ini\": 34}, {\"group\": [16.0, 13.0, 9.0, 8.0, 4.0, 4.0, 1.0, 1.0, 1.0, 1.0, 1.0], \"name\": \"Gene: STK32A\", \"clust\": 15, \"cat_0_index\": 2, \"rank\": 20, \"cat-0\": \"Gene Type: Interesting\", \"rankvar\": 33, \"ini\": 33}, {\"group\": [21.0, 18.0, 12.0, 9.0, 4.0, 4.0, 1.0, 1.0, 1.0, 1.0, 1.0], \"name\": \"Gene: NRK\", \"clust\": 23, \"cat_0_index\": 3, \"rank\": 37, \"cat-0\": \"Gene Type: Interesting\", \"rankvar\": 17, \"ini\": 32}, {\"group\": [18.0, 15.0, 10.0, 8.0, 4.0, 4.0, 1.0, 1.0, 1.0, 1.0, 1.0], \"name\": \"Gene: ERBB2\", \"clust\": 17, \"cat_0_index\": 20, \"rank\": 15, \"cat-0\": \"Gene Type: Not Interesting\", \"rankvar\": 18, \"ini\": 31}, {\"group\": [13.0, 10.0, 6.0, 6.0, 3.0, 3.0, 1.0, 1.0, 1.0, 1.0, 1.0], \"name\": \"Gene: ERBB4\", \"clust\": 10, \"cat_0_index\": 21, \"rank\": 1, \"cat-0\": \"Gene Type: Not Interesting\", \"rankvar\": 23, \"ini\": 30}, {\"group\": [14.0, 11.0, 7.0, 7.0, 4.0, 4.0, 1.0, 1.0, 1.0, 1.0, 1.0], \"name\": \"Gene: AAK1\", \"clust\": 13, \"cat_0_index\": 22, \"rank\": 8, \"cat-0\": \"Gene Type: Not Interesting\", \"rankvar\": 10, \"ini\": 29}, {\"group\": [1.0, 1.0, 1.0, 1.0, 1.0, 1.0, 1.0, 1.0, 1.0, 1.0, 1.0], \"name\": \"Gene: SRPK3\", \"clust\": 5, \"cat_0_index\": 23, \"rank\": 25, \"cat-0\": \"Gene Type: Not Interesting\", \"rankvar\": 36, \"ini\": 28}, {\"group\": [7.0, 4.0, 3.0, 3.0, 1.0, 1.0, 1.0, 1.0, 1.0, 1.0, 1.0], \"name\": \"Gene: STK39\", \"clust\": 0, \"cat_0_index\": 4, \"rank\": 5, \"cat-0\": \"Gene Type: Interesting\", \"rankvar\": 27, \"ini\": 27}, {\"group\": [3.0, 1.0, 1.0, 1.0, 1.0, 1.0, 1.0, 1.0, 1.0, 1.0, 1.0], \"name\": \"Gene: GRK4\", \"clust\": 4, \"cat_0_index\": 24, \"rank\": 13, \"cat-0\": \"Gene Type: Not Interesting\", \"rankvar\": 34, \"ini\": 26}, {\"group\": [23.0, 20.0, 12.0, 9.0, 4.0, 4.0, 1.0, 1.0, 1.0, 1.0, 1.0], \"name\": \"Gene: TBK1\", \"clust\": 20, \"cat_0_index\": 25, \"rank\": 36, \"cat-0\": \"Gene Type: Not Interesting\", \"rankvar\": 12, \"ini\": 25}, {\"group\": [33.0, 29.0, 20.0, 17.0, 7.0, 6.0, 1.0, 1.0, 1.0, 1.0, 1.0], \"name\": \"Gene: INSRR\", \"clust\": 33, \"cat_0_index\": 26, \"rank\": 30, \"cat-0\": \"Gene Type: Not Interesting\", \"rankvar\": 22, \"ini\": 24}, {\"group\": [32.0, 28.0, 19.0, 16.0, 6.0, 6.0, 1.0, 1.0, 1.0, 1.0, 1.0], \"name\": \"Gene: IRAK1\", \"clust\": 29, \"cat_0_index\": 5, \"rank\": 26, \"cat-0\": \"Gene Type: Interesting\", \"rankvar\": 26, \"ini\": 23}, {\"group\": [17.0, 14.0, 9.0, 8.0, 4.0, 4.0, 1.0, 1.0, 1.0, 1.0, 1.0], \"name\": \"Gene: KDR\", \"clust\": 16, \"cat_0_index\": 27, \"rank\": 27, \"cat-0\": \"Gene Type: Not Interesting\", \"rankvar\": 6, \"ini\": 22}, {\"group\": [29.0, 25.0, 17.0, 14.0, 6.0, 6.0, 1.0, 1.0, 1.0, 1.0, 1.0], \"name\": \"Gene: NPR1\", \"clust\": 26, \"cat_0_index\": 6, \"rank\": 11, \"cat-0\": \"Gene Type: Interesting\", \"rankvar\": 2, \"ini\": 21}, {\"group\": [25.0, 22.0, 14.0, 11.0, 5.0, 5.0, 1.0, 1.0, 1.0, 1.0, 1.0], \"name\": \"Gene: PAK3\", \"clust\": 24, \"cat_0_index\": 28, \"rank\": 10, \"cat-0\": \"Gene Type: Not Interesting\", \"rankvar\": 4, \"ini\": 20}, {\"group\": [8.0, 5.0, 4.0, 4.0, 2.0, 2.0, 1.0, 1.0, 1.0, 1.0, 1.0], \"name\": \"Gene: PDGFRA\", \"clust\": 8, \"cat_0_index\": 7, \"rank\": 2, \"cat-0\": \"Gene Type: Interesting\", \"rankvar\": 11, \"ini\": 19}, {\"group\": [34.0, 30.0, 20.0, 17.0, 7.0, 6.0, 1.0, 1.0, 1.0, 1.0, 1.0], \"name\": \"Gene: PDK4\", \"clust\": 34, \"cat_0_index\": 29, \"rank\": 31, \"cat-0\": \"Gene Type: Not Interesting\", \"rankvar\": 15, \"ini\": 18}, {\"group\": [11.0, 8.0, 6.0, 6.0, 3.0, 3.0, 1.0, 1.0, 1.0, 1.0, 1.0], \"name\": \"Gene: ULK4\", \"clust\": 11, \"cat_0_index\": 8, \"rank\": 0, \"cat-0\": \"Gene Type: Interesting\", \"rankvar\": 31, \"ini\": 17}, {\"group\": [28.0, 24.0, 16.0, 13.0, 6.0, 6.0, 1.0, 1.0, 1.0, 1.0, 1.0], \"name\": \"Gene: PRKCE\", \"clust\": 28, \"cat_0_index\": 30, \"rank\": 19, \"cat-0\": \"Gene Type: Not Interesting\", \"rankvar\": 24, \"ini\": 16}, {\"group\": [5.0, 2.0, 1.0, 1.0, 1.0, 1.0, 1.0, 1.0, 1.0, 1.0, 1.0], \"name\": \"Gene: PRKG2\", \"clust\": 2, \"cat_0_index\": 31, \"rank\": 29, \"cat-0\": \"Gene Type: Not Interesting\", \"rankvar\": 30, \"ini\": 15}, {\"group\": [30.0, 26.0, 18.0, 15.0, 6.0, 6.0, 1.0, 1.0, 1.0, 1.0, 1.0], \"name\": \"Gene: MAPK4\", \"clust\": 30, \"cat_0_index\": 9, \"rank\": 22, \"cat-0\": \"Gene Type: Interesting\", \"rankvar\": 21, \"ini\": 14}, {\"group\": [9.0, 6.0, 4.0, 4.0, 2.0, 2.0, 1.0, 1.0, 1.0, 1.0, 1.0], \"name\": \"Gene: MAPK11\", \"clust\": 9, \"cat_0_index\": 10, \"rank\": 7, \"cat-0\": \"Gene Type: Interesting\", \"rankvar\": 16, \"ini\": 13}, {\"group\": [19.0, 16.0, 11.0, 8.0, 4.0, 4.0, 1.0, 1.0, 1.0, 1.0, 1.0], \"name\": \"Gene: STK31\", \"clust\": 18, \"cat_0_index\": 11, \"rank\": 23, \"cat-0\": \"Gene Type: Interesting\", \"rankvar\": 29, \"ini\": 12}, {\"group\": [31.0, 27.0, 18.0, 15.0, 6.0, 6.0, 1.0, 1.0, 1.0, 1.0, 1.0], \"name\": \"Gene: GRK1\", \"clust\": 31, \"cat_0_index\": 32, \"rank\": 32, \"cat-0\": \"Gene Type: Not Interesting\", \"rankvar\": 19, \"ini\": 11}, {\"group\": [15.0, 12.0, 8.0, 7.0, 4.0, 4.0, 1.0, 1.0, 1.0, 1.0, 1.0], \"name\": \"Gene: ROS1\", \"clust\": 14, \"cat_0_index\": 12, \"rank\": 14, \"cat-0\": \"Gene Type: Interesting\", \"rankvar\": 8, \"ini\": 10}, {\"group\": [24.0, 21.0, 13.0, 10.0, 4.0, 4.0, 1.0, 1.0, 1.0, 1.0, 1.0], \"name\": \"Gene: MAP2K4\", \"clust\": 19, \"cat_0_index\": 13, \"rank\": 34, \"cat-0\": \"Gene Type: Interesting\", \"rankvar\": 1, \"ini\": 9}, {\"group\": [37.0, 33.0, 23.0, 18.0, 7.0, 6.0, 1.0, 1.0, 1.0, 1.0, 1.0], \"name\": \"Gene: SRC\", \"clust\": 37, \"cat_0_index\": 14, \"rank\": 28, \"cat-0\": \"Gene Type: Interesting\", \"rankvar\": 5, \"ini\": 8}, {\"group\": [26.0, 23.0, 15.0, 12.0, 5.0, 5.0, 1.0, 1.0, 1.0, 1.0, 1.0], \"name\": \"Gene: TGFBR1\", \"clust\": 25, \"cat_0_index\": 15, \"rank\": 9, \"cat-0\": \"Gene Type: Interesting\", \"rankvar\": 9, \"ini\": 7}, {\"group\": [2.0, 1.0, 1.0, 1.0, 1.0, 1.0, 1.0, 1.0, 1.0, 1.0, 1.0], \"name\": \"Gene: CAMK2B\", \"clust\": 6, \"cat_0_index\": 33, \"rank\": 16, \"cat-0\": \"Gene Type: Not Interesting\", \"rankvar\": 37, \"ini\": 6}, {\"group\": [10.0, 7.0, 5.0, 5.0, 2.0, 2.0, 1.0, 1.0, 1.0, 1.0, 1.0], \"name\": \"Gene: STK24\", \"clust\": 7, \"cat_0_index\": 16, \"rank\": 3, \"cat-0\": \"Gene Type: Interesting\", \"rankvar\": 0, \"ini\": 5}, {\"group\": [4.0, 1.0, 1.0, 1.0, 1.0, 1.0, 1.0, 1.0, 1.0, 1.0, 1.0], \"name\": \"Gene: DCLK3\", \"clust\": 3, \"cat_0_index\": 34, \"rank\": 21, \"cat-0\": \"Gene Type: Not Interesting\", \"rankvar\": 32, \"ini\": 4}, {\"group\": [35.0, 31.0, 21.0, 17.0, 7.0, 6.0, 1.0, 1.0, 1.0, 1.0, 1.0], \"name\": \"Gene: LATS1\", \"clust\": 32, \"cat_0_index\": 35, \"rank\": 24, \"cat-0\": \"Gene Type: Not Interesting\", \"rankvar\": 7, \"ini\": 3}, {\"group\": [6.0, 3.0, 2.0, 2.0, 1.0, 1.0, 1.0, 1.0, 1.0, 1.0, 1.0], \"name\": \"Gene: NEK9\", \"clust\": 1, \"cat_0_index\": 36, \"rank\": 6, \"cat-0\": \"Gene Type: Not Interesting\", \"rankvar\": 14, \"ini\": 2}, {\"group\": [12.0, 9.0, 6.0, 6.0, 3.0, 3.0, 1.0, 1.0, 1.0, 1.0, 1.0], \"name\": \"Gene: MYLK3\", \"clust\": 12, \"cat_0_index\": 37, \"rank\": 17, \"cat-0\": \"Gene Type: Not Interesting\", \"rankvar\": 13, \"ini\": 1}], \"col_nodes\": [{\"group\": [20.0, 17.0, 12.0, 9.0, 4.0, 4.0, 1.0, 1.0, 1.0, 1.0, 1.0], \"name\": \"Gene: CDK4\", \"clust\": 22, \"cat_0_index\": 0, \"rank\": 35, \"cat-0\": \"Gene Type: Interesting\", \"rankvar\": 25, \"ini\": 38}, {\"group\": [27.0, 24.0, 16.0, 13.0, 6.0, 6.0, 1.0, 1.0, 1.0, 1.0, 1.0], \"name\": \"Gene: LMTK3\", \"clust\": 27, \"cat_0_index\": 17, \"rank\": 12, \"cat-0\": \"Gene Type: Not Interesting\", \"rankvar\": 20, \"ini\": 37}, {\"group\": [36.0, 32.0, 22.0, 18.0, 7.0, 6.0, 1.0, 1.0, 1.0, 1.0, 1.0], \"name\": \"Gene: LRRK2\", \"clust\": 36, \"cat_0_index\": 18, \"rank\": 18, \"cat-0\": \"Gene Type: Not Interesting\", \"rankvar\": 3, \"ini\": 36}, {\"group\": [38.0, 34.0, 24.0, 19.0, 7.0, 6.0, 1.0, 1.0, 1.0, 1.0, 1.0], \"name\": \"Gene: UHMK1\", \"clust\": 35, \"cat_0_index\": 19, \"rank\": 4, \"cat-0\": \"Gene Type: Not Interesting\", \"rankvar\": 35, \"ini\": 35}, {\"group\": [22.0, 19.0, 12.0, 9.0, 4.0, 4.0, 1.0, 1.0, 1.0, 1.0, 1.0], \"name\": \"Gene: EGFR\", \"clust\": 21, \"cat_0_index\": 1, \"rank\": 33, \"cat-0\": \"Gene Type: Interesting\", \"rankvar\": 28, \"ini\": 34}, {\"group\": [16.0, 13.0, 9.0, 8.0, 4.0, 4.0, 1.0, 1.0, 1.0, 1.0, 1.0], \"name\": \"Gene: STK32A\", \"clust\": 15, \"cat_0_index\": 2, \"rank\": 20, \"cat-0\": \"Gene Type: Interesting\", \"rankvar\": 33, \"ini\": 33}, {\"group\": [21.0, 18.0, 12.0, 9.0, 4.0, 4.0, 1.0, 1.0, 1.0, 1.0, 1.0], \"name\": \"Gene: NRK\", \"clust\": 23, \"cat_0_index\": 3, \"rank\": 37, \"cat-0\": \"Gene Type: Interesting\", \"rankvar\": 17, \"ini\": 32}, {\"group\": [18.0, 15.0, 10.0, 8.0, 4.0, 4.0, 1.0, 1.0, 1.0, 1.0, 1.0], \"name\": \"Gene: ERBB2\", \"clust\": 17, \"cat_0_index\": 20, \"rank\": 15, \"cat-0\": \"Gene Type: Not Interesting\", \"rankvar\": 18, \"ini\": 31}, {\"group\": [13.0, 10.0, 6.0, 6.0, 3.0, 3.0, 1.0, 1.0, 1.0, 1.0, 1.0], \"name\": \"Gene: ERBB4\", \"clust\": 10, \"cat_0_index\": 21, \"rank\": 1, \"cat-0\": \"Gene Type: Not Interesting\", \"rankvar\": 23, \"ini\": 30}, {\"group\": [14.0, 11.0, 7.0, 7.0, 4.0, 4.0, 1.0, 1.0, 1.0, 1.0, 1.0], \"name\": \"Gene: AAK1\", \"clust\": 13, \"cat_0_index\": 22, \"rank\": 8, \"cat-0\": \"Gene Type: Not Interesting\", \"rankvar\": 10, \"ini\": 29}, {\"group\": [1.0, 1.0, 1.0, 1.0, 1.0, 1.0, 1.0, 1.0, 1.0, 1.0, 1.0], \"name\": \"Gene: SRPK3\", \"clust\": 5, \"cat_0_index\": 23, \"rank\": 25, \"cat-0\": \"Gene Type: Not Interesting\", \"rankvar\": 36, \"ini\": 28}, {\"group\": [7.0, 4.0, 3.0, 3.0, 1.0, 1.0, 1.0, 1.0, 1.0, 1.0, 1.0], \"name\": \"Gene: STK39\", \"clust\": 0, \"cat_0_index\": 4, \"rank\": 5, \"cat-0\": \"Gene Type: Interesting\", \"rankvar\": 27, \"ini\": 27}, {\"group\": [3.0, 1.0, 1.0, 1.0, 1.0, 1.0, 1.0, 1.0, 1.0, 1.0, 1.0], \"name\": \"Gene: GRK4\", \"clust\": 4, \"cat_0_index\": 24, \"rank\": 13, \"cat-0\": \"Gene Type: Not Interesting\", \"rankvar\": 34, \"ini\": 26}, {\"group\": [23.0, 20.0, 12.0, 9.0, 4.0, 4.0, 1.0, 1.0, 1.0, 1.0, 1.0], \"name\": \"Gene: TBK1\", \"clust\": 20, \"cat_0_index\": 25, \"rank\": 36, \"cat-0\": \"Gene Type: Not Interesting\", \"rankvar\": 12, \"ini\": 25}, {\"group\": [33.0, 29.0, 20.0, 17.0, 7.0, 6.0, 1.0, 1.0, 1.0, 1.0, 1.0], \"name\": \"Gene: INSRR\", \"clust\": 33, \"cat_0_index\": 26, \"rank\": 30, \"cat-0\": \"Gene Type: Not Interesting\", \"rankvar\": 22, \"ini\": 24}, {\"group\": [32.0, 28.0, 19.0, 16.0, 6.0, 6.0, 1.0, 1.0, 1.0, 1.0, 1.0], \"name\": \"Gene: IRAK1\", \"clust\": 29, \"cat_0_index\": 5, \"rank\": 26, \"cat-0\": \"Gene Type: Interesting\", \"rankvar\": 26, \"ini\": 23}, {\"group\": [17.0, 14.0, 9.0, 8.0, 4.0, 4.0, 1.0, 1.0, 1.0, 1.0, 1.0], \"name\": \"Gene: KDR\", \"clust\": 16, \"cat_0_index\": 27, \"rank\": 27, \"cat-0\": \"Gene Type: Not Interesting\", \"rankvar\": 6, \"ini\": 22}, {\"group\": [29.0, 25.0, 17.0, 14.0, 6.0, 6.0, 1.0, 1.0, 1.0, 1.0, 1.0], \"name\": \"Gene: NPR1\", \"clust\": 26, \"cat_0_index\": 6, \"rank\": 11, \"cat-0\": \"Gene Type: Interesting\", \"rankvar\": 2, \"ini\": 21}, {\"group\": [25.0, 22.0, 14.0, 11.0, 5.0, 5.0, 1.0, 1.0, 1.0, 1.0, 1.0], \"name\": \"Gene: PAK3\", \"clust\": 24, \"cat_0_index\": 28, \"rank\": 10, \"cat-0\": \"Gene Type: Not Interesting\", \"rankvar\": 4, \"ini\": 20}, {\"group\": [8.0, 5.0, 4.0, 4.0, 2.0, 2.0, 1.0, 1.0, 1.0, 1.0, 1.0], \"name\": \"Gene: PDGFRA\", \"clust\": 8, \"cat_0_index\": 7, \"rank\": 2, \"cat-0\": \"Gene Type: Interesting\", \"rankvar\": 11, \"ini\": 19}, {\"group\": [34.0, 30.0, 20.0, 17.0, 7.0, 6.0, 1.0, 1.0, 1.0, 1.0, 1.0], \"name\": \"Gene: PDK4\", \"clust\": 34, \"cat_0_index\": 29, \"rank\": 31, \"cat-0\": \"Gene Type: Not Interesting\", \"rankvar\": 15, \"ini\": 18}, {\"group\": [11.0, 8.0, 6.0, 6.0, 3.0, 3.0, 1.0, 1.0, 1.0, 1.0, 1.0], \"name\": \"Gene: ULK4\", \"clust\": 11, \"cat_0_index\": 8, \"rank\": 0, \"cat-0\": \"Gene Type: Interesting\", \"rankvar\": 31, \"ini\": 17}, {\"group\": [28.0, 24.0, 16.0, 13.0, 6.0, 6.0, 1.0, 1.0, 1.0, 1.0, 1.0], \"name\": \"Gene: PRKCE\", \"clust\": 28, \"cat_0_index\": 30, \"rank\": 19, \"cat-0\": \"Gene Type: Not Interesting\", \"rankvar\": 24, \"ini\": 16}, {\"group\": [5.0, 2.0, 1.0, 1.0, 1.0, 1.0, 1.0, 1.0, 1.0, 1.0, 1.0], \"name\": \"Gene: PRKG2\", \"clust\": 2, \"cat_0_index\": 31, \"rank\": 29, \"cat-0\": \"Gene Type: Not Interesting\", \"rankvar\": 30, \"ini\": 15}, {\"group\": [30.0, 26.0, 18.0, 15.0, 6.0, 6.0, 1.0, 1.0, 1.0, 1.0, 1.0], \"name\": \"Gene: MAPK4\", \"clust\": 30, \"cat_0_index\": 9, \"rank\": 22, \"cat-0\": \"Gene Type: Interesting\", \"rankvar\": 21, \"ini\": 14}, {\"group\": [9.0, 6.0, 4.0, 4.0, 2.0, 2.0, 1.0, 1.0, 1.0, 1.0, 1.0], \"name\": \"Gene: MAPK11\", \"clust\": 9, \"cat_0_index\": 10, \"rank\": 7, \"cat-0\": \"Gene Type: Interesting\", \"rankvar\": 16, \"ini\": 13}, {\"group\": [19.0, 16.0, 11.0, 8.0, 4.0, 4.0, 1.0, 1.0, 1.0, 1.0, 1.0], \"name\": \"Gene: STK31\", \"clust\": 18, \"cat_0_index\": 11, \"rank\": 23, \"cat-0\": \"Gene Type: Interesting\", \"rankvar\": 29, \"ini\": 12}, {\"group\": [31.0, 27.0, 18.0, 15.0, 6.0, 6.0, 1.0, 1.0, 1.0, 1.0, 1.0], \"name\": \"Gene: GRK1\", \"clust\": 31, \"cat_0_index\": 32, \"rank\": 32, \"cat-0\": \"Gene Type: Not Interesting\", \"rankvar\": 19, \"ini\": 11}, {\"group\": [15.0, 12.0, 8.0, 7.0, 4.0, 4.0, 1.0, 1.0, 1.0, 1.0, 1.0], \"name\": \"Gene: ROS1\", \"clust\": 14, \"cat_0_index\": 12, \"rank\": 14, \"cat-0\": \"Gene Type: Interesting\", \"rankvar\": 8, \"ini\": 10}, {\"group\": [24.0, 21.0, 13.0, 10.0, 4.0, 4.0, 1.0, 1.0, 1.0, 1.0, 1.0], \"name\": \"Gene: MAP2K4\", \"clust\": 19, \"cat_0_index\": 13, \"rank\": 34, \"cat-0\": \"Gene Type: Interesting\", \"rankvar\": 1, \"ini\": 9}, {\"group\": [37.0, 33.0, 23.0, 18.0, 7.0, 6.0, 1.0, 1.0, 1.0, 1.0, 1.0], \"name\": \"Gene: SRC\", \"clust\": 37, \"cat_0_index\": 14, \"rank\": 28, \"cat-0\": \"Gene Type: Interesting\", \"rankvar\": 5, \"ini\": 8}, {\"group\": [26.0, 23.0, 15.0, 12.0, 5.0, 5.0, 1.0, 1.0, 1.0, 1.0, 1.0], \"name\": \"Gene: TGFBR1\", \"clust\": 25, \"cat_0_index\": 15, \"rank\": 9, \"cat-0\": \"Gene Type: Interesting\", \"rankvar\": 9, \"ini\": 7}, {\"group\": [2.0, 1.0, 1.0, 1.0, 1.0, 1.0, 1.0, 1.0, 1.0, 1.0, 1.0], \"name\": \"Gene: CAMK2B\", \"clust\": 6, \"cat_0_index\": 33, \"rank\": 16, \"cat-0\": \"Gene Type: Not Interesting\", \"rankvar\": 37, \"ini\": 6}, {\"group\": [10.0, 7.0, 5.0, 5.0, 2.0, 2.0, 1.0, 1.0, 1.0, 1.0, 1.0], \"name\": \"Gene: STK24\", \"clust\": 7, \"cat_0_index\": 16, \"rank\": 3, \"cat-0\": \"Gene Type: Interesting\", \"rankvar\": 0, \"ini\": 5}, {\"group\": [4.0, 1.0, 1.0, 1.0, 1.0, 1.0, 1.0, 1.0, 1.0, 1.0, 1.0], \"name\": \"Gene: DCLK3\", \"clust\": 3, \"cat_0_index\": 34, \"rank\": 21, \"cat-0\": \"Gene Type: Not Interesting\", \"rankvar\": 32, \"ini\": 4}, {\"group\": [35.0, 31.0, 21.0, 17.0, 7.0, 6.0, 1.0, 1.0, 1.0, 1.0, 1.0], \"name\": \"Gene: LATS1\", \"clust\": 32, \"cat_0_index\": 35, \"rank\": 24, \"cat-0\": \"Gene Type: Not Interesting\", \"rankvar\": 7, \"ini\": 3}, {\"group\": [6.0, 3.0, 2.0, 2.0, 1.0, 1.0, 1.0, 1.0, 1.0, 1.0, 1.0], \"name\": \"Gene: NEK9\", \"clust\": 1, \"cat_0_index\": 36, \"rank\": 6, \"cat-0\": \"Gene Type: Not Interesting\", \"rankvar\": 14, \"ini\": 2}, {\"group\": [12.0, 9.0, 6.0, 6.0, 3.0, 3.0, 1.0, 1.0, 1.0, 1.0, 1.0], \"name\": \"Gene: MYLK3\", \"clust\": 12, \"cat_0_index\": 37, \"rank\": 17, \"cat-0\": \"Gene Type: Not Interesting\", \"rankvar\": 13, \"ini\": 1}]}}, {\"N_row_sum\": 20, \"dist\": \"cos\", \"nodes\": {\"row_nodes\": [{\"group\": [12.0, 11.0, 7.0, 6.0, 4.0, 4.0, 1.0, 1.0, 1.0, 1.0, 1.0], \"name\": \"Gene: NRK\", \"clust\": 15, \"cat_0_index\": 0, \"rank\": 19, \"cat-0\": \"Gene Type: Interesting\", \"rankvar\": 6, \"ini\": 20}, {\"group\": [15.0, 14.0, 7.0, 6.0, 4.0, 4.0, 1.0, 1.0, 1.0, 1.0, 1.0], \"name\": \"Gene: TBK1\", \"clust\": 13, \"cat_0_index\": 10, \"rank\": 18, \"cat-0\": \"Gene Type: Not Interesting\", \"rankvar\": 4, \"ini\": 19}, {\"group\": [13.0, 12.0, 7.0, 6.0, 4.0, 4.0, 1.0, 1.0, 1.0, 1.0, 1.0], \"name\": \"Gene: CDK4\", \"clust\": 16, \"cat_0_index\": 1, \"rank\": 17, \"cat-0\": \"Gene Type: Interesting\", \"rankvar\": 11, \"ini\": 18}, {\"group\": [17.0, 16.0, 9.0, 7.0, 4.0, 4.0, 1.0, 1.0, 1.0, 1.0, 1.0], \"name\": \"Gene: MAP2K4\", \"clust\": 11, \"cat_0_index\": 2, \"rank\": 16, \"cat-0\": \"Gene Type: Interesting\", \"rankvar\": 0, \"ini\": 17}, {\"group\": [14.0, 13.0, 7.0, 6.0, 4.0, 4.0, 1.0, 1.0, 1.0, 1.0, 1.0], \"name\": \"Gene: EGFR\", \"clust\": 14, \"cat_0_index\": 3, \"rank\