{"views": [{"N_row_sum": "all", "dist": "cos", "nodes": {"row_nodes": [{"group": [4.0, 4.0, 4.0, 4.0, 4.0, 4.0, 2.0, 2.0, 1.0, 1.0, 1.0], "name": "Cluster: cluster-0", "clust": 5, "cat_0_index": 2, "rank": 6, "cat-0": "number in clust: 5", "rankvar": 1, "ini": 7}, {"group": [1.0, 1.0, 1.0, 1.0, 1.0, 1.0, 1.0, 1.0, 1.0, 1.0, 1.0], "name": "Cluster: cluster-1", "clust": 1, "cat_0_index": 6, "rank": 1, "cat-0": "number in clust: 13", "rankvar": 5, "ini": 6}, {"group": [6.0, 6.0, 6.0, 5.0, 5.0, 4.0, 2.0, 2.0, 1.0, 1.0, 1.0], "name": "Cluster: cluster-2", "clust": 4, "cat_0_index": 0, "rank": 5, "cat-0": "number in clust: 1", "rankvar": 2, "ini": 5}, {"group": [5.0, 5.0, 5.0, 4.0, 4.0, 4.0, 2.0, 2.0, 1.0, 1.0, 1.0], "name": "Cluster: cluster-3", "clust": 6, "cat_0_index": 3, "rank": 4, "cat-0": "number in clust: 5", "rankvar": 6, "ini": 4}, {"group": [7.0, 7.0, 7.0, 6.0, 6.0, 5.0, 2.0, 2.0, 1.0, 1.0, 1.0], "name": "Cluster: cluster-4", "clust": 3, "cat_0_index": 1, "rank": 2, "cat-0": "number in clust: 4", "rankvar": 3, "ini": 3}, {"group": [2.0, 2.0, 2.0, 2.0, 2.0, 2.0, 1.0, 1.0, 1.0, 1.0, 1.0], "name": "Cluster: cluster-5", "clust": 2, "cat_0_index": 4, "rank": 0, "cat-0": "number in clust: 5", "rankvar": 4, "ini": 2}, {"group": [3.0, 3.0, 3.0, 3.0, 3.0, 3.0, 1.0, 1.0, 1.0, 1.0, 1.0], "name": "Cluster: cluster-6", "clust": 0, "cat_0_index": 5, "rank": 3, "cat-0": "number in clust: 5", "rankvar": 0, "ini": 1}], "col_nodes": [{"group": [4.0, 4.0, 4.0, 4.0, 4.0, 4.0, 2.0, 2.0, 1.0, 1.0, 1.0], "name": "Cluster: cluster-0", "clust": 5, "cat_0_index": 2, "rank": 6, "cat-0": "number in clust: 5", "rankvar": 1, "ini": 7}, {"group": [1.0, 1.0, 1.0, 1.0, 1.0, 1.0, 1.0, 1.0, 1.0, 1.0, 1.0], "name": "Cluster: cluster-1", "clust": 1, "cat_0_index": 6, "rank": 1, "cat-0": "number in clust: 13", "rankvar": 5, "ini": 6}, {"group": [6.0, 6.0, 6.0, 5.0, 5.0, 4.0, 2.0, 2.0, 1.0, 1.0, 1.0], "name": "Cluster: cluster-2", "clust": 4, "cat_0_index": 0, "rank": 5, "cat-0": "number in clust: 1", "rankvar": 2, "ini": 5}, {"group": [5.0, 5.0, 5.0, 4.0, 4.0, 4.0, 2.0, 2.0, 1.0, 1.0, 1.0], "name": "Cluster: cluster-3", "clust": 6, "cat_0_index": 3, "rank": 4, "cat-0": "number in clust: 5", "rankvar": 6, "ini": 4}, {"group": [7.0, 7.0, 7.0, 6.0, 6.0, 5.0, 2.0, 2.0, 1.0, 1.0, 1.0], "name": "Cluster: cluster-4", "clust": 3, "cat_0_index": 1, "rank": 2, "cat-0": "number in clust: 4", "rankvar": 3, "ini": 3}, {"group": [2.0, 2.0, 2.0, 2.0, 2.0, 2.0, 1.0, 1.0, 1.0, 1.0, 1.0], "name": "Cluster: cluster-5", "clust": 2, "cat_0_index": 4, "rank": 0, "cat-0": "number in clust: 5", "rankvar": 4, "ini": 2}, {"group": [3.0, 3.0, 3.0, 3.0, 3.0, 3.0, 1.0, 1.0, 1.0, 1.0, 1.0], "name": "Cluster: cluster-6", "clust": 0, "cat_0_index": 5, "rank": 3, "cat-0": "number in clust: 5", "rankvar": 0, "ini": 1}]}}], "row_nodes": [{"group": [4.0, 4.0, 4.0, 4.0, 4.0, 4.0, 2.0, 2.0, 1.0, 1.0, 1.0], "name": "Cluster: cluster-0", "clust": 5, "cat_0_index": 2, "rank": 6, "cat-0": "number in clust: 5", "rankvar": 1, "ini": 7}, {"group": [1.0, 1.0, 1.0, 1.0, 1.0, 1.0, 1.0, 1.0, 1.0, 1.0, 1.0], "name": "Cluster: cluster-1", "clust": 1, "cat_0_index": 6, "rank": 1, "cat-0": "number in clust: 13", "rankvar": 5, "ini": 6}, {"group": [6.0, 6.0, 6.0, 5.0, 5.0, 4.0, 2.0, 2.0, 1.0, 1.0, 1.0], "name": "Cluster: cluster-2", "clust": 4, "cat_0_index": 0, "rank": 5, "cat-0": "number in clust: 1", "rankvar": 2, "ini": 5}, {"group": [5.0, 5.0, 5.0, 4.0, 4.0, 4.0, 2.0, 2.0, 1.0, 1.0, 1.0], "name": "Cluster: cluster-3", "clust": 6, "cat_0_index": 3, "rank": 4, "cat-0": "number in clust: 5", "rankvar": 6, "ini": 4}, {"group": [7.0, 7.0, 7.0, 6.0, 6.0, 5.0, 2.0, 2.0, 1.0, 1.0, 1.0], "name": "Cluster: cluster-4", "clust": 3, "cat_0_index": 1, "rank": 2, "cat-0": "number in clust: 4", "rankvar": 3, "ini": 3}, {"group": [2.0, 2.0, 2.0, 2.0, 2.0, 2.0, 1.0, 1.0, 1.0, 1.0, 1.0], "name": "Cluster: cluster-5", "clust": 2, "cat_0_index": 4, "rank": 0, "cat-0": "number in clust: 5", "rankvar": 4, "ini": 2}, {"group": [3.0, 3.0, 3.0, 3.0, 3.0, 3.0, 1.0, 1.0, 1.0, 1.0, 1.0], "name": "Cluster: cluster-6", "clust": 0, "cat_0_index": 5, "rank": 3, "cat-0": "number in clust: 5", "rankvar": 0, "ini": 1}], "col_nodes": [{"group": [4.0, 4.0, 4.0, 4.0, 4.0, 4.0, 2.0, 2.0, 1.0, 1.0, 1.0], "name": "Cluster: cluster-0", "clust": 5, "cat_0_index": 2, "rank": 6, "cat-0": "number in clust: 5", "rankvar": 1, "ini": 7}, {"group": [1.0, 1.0, 1.0, 1.0, 1.0, 1.0, 1.0, 1.0, 1.0, 1.0, 1.0], "name": "Cluster: cluster-1", "clust": 1, "cat_0_index": 6, "rank": 1, "cat-0": "number in clust: 13", "rankvar": 5, "ini": 6}, {"group": [6.0, 6.0, 6.0, 5.0, 5.0, 4.0, 2.0, 2.0, 1.0, 1.0, 1.0], "name": "Cluster: cluster-2", "clust": 4, "cat_0_index": 0, "rank": 5, "cat-0": "number in clust: 1", "rankvar": 2, "ini": 5}, {"group": [5.0, 5.0, 5.0, 4.0, 4.0, 4.0, 2.0, 2.0, 1.0, 1.0, 1.0], "name": "Cluster: cluster-3", "clust": 6, "cat_0_index": 3, "rank": 4, "cat-0": "number in clust: 5", "rankvar": 6, "ini": 4}, {"group": [7.0, 7.0, 7.0, 6.0, 6.0, 5.0, 2.0, 2.0, 1.0, 1.0, 1.0], "name": "Cluster: cluster-4", "clust": 3, "cat_0_index": 1, "rank": 2, "cat-0": "number in clust: 4", "rankvar": 3, "ini": 3}, {"group": [2.0, 2.0, 2.0, 2.0, 2.0, 2.0, 1.0, 1.0, 1.0, 1.0, 1.0], "name": "Cluster: cluster-5", "clust": 2, "cat_0_index": 4, "rank": 0, "cat-0": "number in clust: 5", "rankvar": 4, "ini": 2}, {"group": [3.0, 3.0, 3.0, 3.0, 3.0, 3.0, 1.0, 1.0, 1.0, 1.0, 1.0], "name": "Cluster: cluster-6", "clust": 0, "cat_0_index": 5, "rank": 3, "cat-0": "number in clust: 5", "rankvar": 0, "ini": 1}], "links": [], "mat": [[1.0, -0.13796731578150867, 0.0, 0.33952518151187516, 0.0, -0.15050829480067596, 0.0], [-0.13796731578150867, 1.0, 0.0, -0.24335105763502796, -0.41103121332888626, 0.0, 0.0], [0.0, 0.0, 1.0, 0.27164097033431234, -0.10523036119816753, -0.17489148781146646, -0.10048328176660681], [0.33952518151187516, -0.24335105763502796, 0.27164097033431234, 1.0, 0.0, -0.37613931123743716, -0.2026572971609948], [0.0, -0.41103121332888626, -0.10523036119816753, 0.0, 1.0, -0.16643605593032618, 0.0], [-0.15050829480067596, 0.0, -0.17489148781146646, -0.37613931123743716, -0.16643605593032618, 1.0, 0.0], [0.0, 0.0, -0.10048328176660681, -0.2026572971609948, 0.0, 0.0, 1.0]]}