{"views": [{"N_row_sum": "all", "dist": "cos", "nodes": {"row_nodes": [{"group": [6.0, 6.0, 6.0, 5.0, 5.0, 2.0, 2.0, 2.0, 1.0, 1.0, 1.0], "name": "Cluster: cluster-0", "clust": 3, "cat_1_index": 0, "cat_0_index": 2, "rank": 4, "cat-1": "number in clust: 1", "ini": 10, "cat-0": "Majority Tissue: 2", "rankvar": 3}, {"group": [9.0, 9.0, 9.0, 8.0, 8.0, 4.0, 2.0, 2.0, 1.0, 1.0, 1.0], "name": "Cluster: cluster-1", "clust": 7, "cat_1_index": 6, "cat_0_index": 7, "rank": 6, "cat-1": "number in clust: 3", "ini": 9, "cat-0": "Majority Tissue: 5", "rankvar": 2}, {"group": [10.0, 10.0, 10.0, 9.0, 9.0, 5.0, 3.0, 3.0, 2.0, 1.0, 1.0], "name": "Cluster: cluster-2", "clust": 0, "cat_1_index": 1, "cat_0_index": 6, "rank": 0, "cat-1": "number in clust: 1", "ini": 8, "cat-0": "Majority Tissue: 4", "rankvar": 9}, {"group": [1.0, 1.0, 1.0, 1.0, 1.0, 1.0, 1.0, 1.0, 1.0, 1.0, 1.0], "name": "Cluster: cluster-3", "clust": 1, "cat_1_index": 7, "cat_0_index": 8, "rank": 2, "cat-1": "number in clust: 5", "ini": 7, "cat-0": "Majority Tissue: 5", "rankvar": 5}, {"group": [3.0, 3.0, 3.0, 3.0, 3.0, 2.0, 2.0, 2.0, 1.0, 1.0, 1.0], "name": "Cluster: cluster-4", "clust": 5, "cat_1_index": 8, "cat_0_index": 0, "rank": 8, "cat-1": "number in clust: 6", "ini": 6, "cat-0": "Majority Tissue: 1", "rankvar": 7}, {"group": [4.0, 4.0, 4.0, 3.0, 3.0, 2.0, 2.0, 2.0, 1.0, 1.0, 1.0], "name": "Cluster: cluster-5", "clust": 6, "cat_1_index": 2, "cat_0_index": 1, "rank": 9, "cat-1": "number in clust: 1", "ini": 5, "cat-0": "Majority Tissue: 1", "rankvar": 1}, {"group": [7.0, 7.0, 7.0, 6.0, 6.0, 3.0, 2.0, 2.0, 1.0, 1.0, 1.0], "name": "Cluster: cluster-6", "clust": 8, "cat_1_index": 3, "cat_0_index": 3, "rank": 7, "cat-1": "number in clust: 1", "ini": 4, "cat-0": "Majority Tissue: 2", "rankvar": 0}, {"group": [2.0, 2.0, 2.0, 2.0, 2.0, 1.0, 1.0, 1.0, 1.0, 1.0, 1.0], "name": "Cluster: cluster-7", "clust": 2, "cat_1_index": 4, "cat_0_index": 4, "rank": 1, "cat-1": "number in clust: 1", "ini": 3, "cat-0": "Majority Tissue: 2", "rankvar": 8}, {"group": [5.0, 5.0, 5.0, 4.0, 4.0, 2.0, 2.0, 2.0, 1.0, 1.0, 1.0], "name": "Cluster: cluster-8", "clust": 4, "cat_1_index": 5, "cat_0_index": 9, "rank": 3, "cat-1": "number in clust: 1", "ini": 2, "cat-0": "Majority Tissue: 5", "rankvar": 6}, {"group": [8.0, 8.0, 8.0, 7.0, 7.0, 3.0, 2.0, 2.0, 1.0, 1.0, 1.0], "name": "Cluster: cluster-9", "clust": 9, "cat_1_index": 9, "cat_0_index": 5, "rank": 5, "cat-1": "number in clust: 9", "ini": 1, "cat-0": "Majority Tissue: 3", "rankvar": 4}], "col_nodes": [{"group": [6.0, 6.0, 6.0, 5.0, 5.0, 2.0, 2.0, 2.0, 1.0, 1.0, 1.0], "name": "Cluster: cluster-0", "clust": 3, "cat_1_index": 0, "cat_0_index": 2, "rank": 4, "cat-1": "number in clust: 1", "ini": 10, "cat-0": "Majority Tissue: 2", "rankvar": 3}, {"group": [9.0, 9.0, 9.0, 8.0, 8.0, 4.0, 2.0, 2.0, 1.0, 1.0, 1.0], "name": "Cluster: cluster-1", "clust": 7, "cat_1_index": 6, "cat_0_index": 7, "rank": 6, "cat-1": "number in clust: 3", "ini": 9, "cat-0": "Majority Tissue: 5", "rankvar": 2}, {"group": [10.0, 10.0, 10.0, 9.0, 9.0, 5.0, 3.0, 3.0, 2.0, 1.0, 1.0], "name": "Cluster: cluster-2", "clust": 0, "cat_1_index": 1, "cat_0_index": 6, "rank": 0, "cat-1": "number in clust: 1", "ini": 8, "cat-0": "Majority Tissue: 4", "rankvar": 9}, {"group": [1.0, 1.0, 1.0, 1.0, 1.0, 1.0, 1.0, 1.0, 1.0, 1.0, 1.0], "name": "Cluster: cluster-3", "clust": 1, "cat_1_index": 7, "cat_0_index": 8, "rank": 2, "cat-1": "number in clust: 5", "ini": 7, "cat-0": "Majority Tissue: 5", "rankvar": 5}, {"group": [3.0, 3.0, 3.0, 3.0, 3.0, 2.0, 2.0, 2.0, 1.0, 1.0, 1.0], "name": "Cluster: cluster-4", "clust": 5, "cat_1_index": 8, "cat_0_index": 0, "rank": 8, "cat-1": "number in clust: 6", "ini": 6, "cat-0": "Majority Tissue: 1", "rankvar": 7}, {"group": [4.0, 4.0, 4.0, 3.0, 3.0, 2.0, 2.0, 2.0, 1.0, 1.0, 1.0], "name": "Cluster: cluster-5", "clust": 6, "cat_1_index": 2, "cat_0_index": 1, "rank": 9, "cat-1": "number in clust: 1", "ini": 5, "cat-0": "Majority Tissue: 1", "rankvar": 1}, {"group": [7.0, 7.0, 7.0, 6.0, 6.0, 3.0, 2.0, 2.0, 1.0, 1.0, 1.0], "name": "Cluster: cluster-6", "clust": 8, "cat_1_index": 3, "cat_0_index": 3, "rank": 7, "cat-1": "number in clust: 1", "ini": 4, "cat-0": "Majority Tissue: 2", "rankvar": 0}, {"group": [2.0, 2.0, 2.0, 2.0, 2.0, 1.0, 1.0, 1.0, 1.0, 1.0, 1.0], "name": "Cluster: cluster-7", "clust": 2, "cat_1_index": 4, "cat_0_index": 4, "rank": 1, "cat-1": "number in clust: 1", "ini": 3, "cat-0": "Majority Tissue: 2", "rankvar": 8}, {"group": [5.0, 5.0, 5.0, 4.0, 4.0, 2.0, 2.0, 2.0, 1.0, 1.0, 1.0], "name": "Cluster: cluster-8", "clust": 4, "cat_1_index": 5, "cat_0_index": 9, "rank": 3, "cat-1": "number in clust: 1", "ini": 2, "cat-0": "Majority Tissue: 5", "rankvar": 6}, {"group": [8.0, 8.0, 8.0, 7.0, 7.0, 3.0, 2.0, 2.0, 1.0, 1.0, 1.0], "name": "Cluster: cluster-9", "clust": 9, "cat_1_index": 9, "cat_0_index": 5, "rank": 5, "cat-1": "number in clust: 9", "ini": 1, "cat-0": "Majority Tissue: 3", "rankvar": 4}]}}], "row_nodes": [{"group": [6.0, 6.0, 6.0, 5.0, 5.0, 2.0, 2.0, 2.0, 1.0, 1.0, 1.0], "name": "Cluster: cluster-0", "clust": 3, "cat_1_index": 0, "cat_0_index": 2, "rank": 4, "cat-1": "number in clust: 1", "ini": 10, "cat-0": "Majority Tissue: 2", "rankvar": 3}, {"group": [9.0, 9.0, 9.0, 8.0, 8.0, 4.0, 2.0, 2.0, 1.0, 1.0, 1.0], "name": "Cluster: cluster-1", "clust": 7, "cat_1_index": 6, "cat_0_index": 7, "rank": 6, "cat-1": "number in clust: 3", "ini": 9, "cat-0": "Majority Tissue: 5", "rankvar": 2}, {"group": [10.0, 10.0, 10.0, 9.0, 9.0, 5.0, 3.0, 3.0, 2.0, 1.0, 1.0], "name": "Cluster: cluster-2", "clust": 0, "cat_1_index": 1, "cat_0_index": 6, "rank": 0, "cat-1": "number in clust: 1", "ini": 8, "cat-0": "Majority Tissue: 4", "rankvar": 9}, {"group": [1.0, 1.0, 1.0, 1.0, 1.0, 1.0, 1.0, 1.0, 1.0, 1.0, 1.0], "name": "Cluster: cluster-3", "clust": 1, "cat_1_index": 7, "cat_0_index": 8, "rank": 2, "cat-1": "number in clust: 5", "ini": 7, "cat-0": "Majority Tissue: 5", "rankvar": 5}, {"group": [3.0, 3.0, 3.0, 3.0, 3.0, 2.0, 2.0, 2.0, 1.0, 1.0, 1.0], "name": "Cluster: cluster-4", "clust": 5, "cat_1_index": 8, "cat_0_index": 0, "rank": 8, "cat-1": "number in clust: 6", "ini": 6, "cat-0": "Majority Tissue: 1", "rankvar": 7}, {"group": [4.0, 4.0, 4.0, 3.0, 3.0, 2.0, 2.0, 2.0, 1.0, 1.0, 1.0], "name": "Cluster: cluster-5", "clust": 6, "cat_1_index": 2, "cat_0_index": 1, "rank": 9, "cat-1": "number in clust: 1", "ini": 5, "cat-0": "Majority Tissue: 1", "rankvar": 1}, {"group": [7.0, 7.0, 7.0, 6.0, 6.0, 3.0, 2.0, 2.0, 1.0, 1.0, 1.0], "name": "Cluster: cluster-6", "clust": 8, "cat_1_index": 3, "cat_0_index": 3, "rank": 7, "cat-1": "number in clust: 1", "ini": 4, "cat-0": "Majority Tissue: 2", "rankvar": 0}, {"group": [2.0, 2.0, 2.0, 2.0, 2.0, 1.0, 1.0, 1.0, 1.0, 1.0, 1.0], "name": "Cluster: cluster-7", "clust": 2, "cat_1_index": 4, "cat_0_index": 4, "rank": 1, "cat-1": "number in clust: 1", "ini": 3, "cat-0": "Majority Tissue: 2", "rankvar": 8}, {"group": [5.0, 5.0, 5.0, 4.0, 4.0, 2.0, 2.0, 2.0, 1.0, 1.0, 1.0], "name": "Cluster: cluster-8", "clust": 4, "cat_1_index": 5, "cat_0_index": 9, "rank": 3, "cat-1": "number in clust: 1", "ini": 2, "cat-0": "Majority Tissue: 5", "rankvar": 6}, {"group": [8.0, 8.0, 8.0, 7.0, 7.0, 3.0, 2.0, 2.0, 1.0, 1.0, 1.0], "name": "Cluster: cluster-9", "clust": 9, "cat_1_index": 9, "cat_0_index": 5, "rank": 5, "cat-1": "number in clust: 9", "ini": 1, "cat-0": "Majority Tissue: 3", "rankvar": 4}], "col_nodes": [{"group": [6.0, 6.0, 6.0, 5.0, 5.0, 2.0, 2.0, 2.0, 1.0, 1.0, 1.0], "name": "Cluster: cluster-0", "clust": 3, "cat_1_index": 0, "cat_0_index": 2, "rank": 4, "cat-1": "number in clust: 1", "ini": 10, "cat-0": "Majority Tissue: 2", "rankvar": 3}, {"group": [9.0, 9.0, 9.0, 8.0, 8.0, 4.0, 2.0, 2.0, 1.0, 1.0, 1.0], "name": "Cluster: cluster-1", "clust": 7, "cat_1_index": 6, "cat_0_index": 7, "rank": 6, "cat-1": "number in clust: 3", "ini": 9, "cat-0": "Majority Tissue: 5", "rankvar": 2}, {"group": [10.0, 10.0, 10.0, 9.0, 9.0, 5.0, 3.0, 3.0, 2.0, 1.0, 1.0], "name": "Cluster: cluster-2", "clust": 0, "cat_1_index": 1, "cat_0_index": 6, "rank": 0, "cat-1": "number in clust: 1", "ini": 8, "cat-0": "Majority Tissue: 4", "rankvar": 9}, {"group": [1.0, 1.0, 1.0, 1.0, 1.0, 1.0, 1.0, 1.0, 1.0, 1.0, 1.0], "name": "Cluster: cluster-3", "clust": 1, "cat_1_index": 7, "cat_0_index": 8, "rank": 2, "cat-1": "number in clust: 5", "ini": 7, "cat-0": "Majority Tissue: 5", "rankvar": 5}, {"group": [3.0, 3.0, 3.0, 3.0, 3.0, 2.0, 2.0, 2.0, 1.0, 1.0, 1.0], "name": "Cluster: cluster-4", "clust": 5, "cat_1_index": 8, "cat_0_index": 0, "rank": 8, "cat-1": "number in clust: 6", "ini": 6, "cat-0": "Majority Tissue: 1", "rankvar": 7}, {"group": [4.0, 4.0, 4.0, 3.0, 3.0, 2.0, 2.0, 2.0, 1.0, 1.0, 1.0], "name": "Cluster: cluster-5", "clust": 6, "cat_1_index": 2, "cat_0_index": 1, "rank": 9, "cat-1": "number in clust: 1", "ini": 5, "cat-0": "Majority Tissue: 1", "rankvar": 1}, {"group": [7.0, 7.0, 7.0, 6.0, 6.0, 3.0, 2.0, 2.0, 1.0, 1.0, 1.0], "name": "Cluster: cluster-6", "clust": 8, "cat_1_index": 3, "cat_0_index": 3, "rank": 7, "cat-1": "number in clust: 1", "ini": 4, "cat-0": "Majority Tissue: 2", "rankvar": 0}, {"group": [2.0, 2.0, 2.0, 2.0, 2.0, 1.0, 1.0, 1.0, 1.0, 1.0, 1.0], "name": "Cluster: cluster-7", "clust": 2, "cat_1_index": 4, "cat_0_index": 4, "rank": 1, "cat-1": "number in clust: 1", "ini": 3, "cat-0": "Majority Tissue: 2", "rankvar": 8}, {"group": [5.0, 5.0, 5.0, 4.0, 4.0, 2.0, 2.0, 2.0, 1.0, 1.0, 1.0], "name": "Cluster: cluster-8", "clust": 4, "cat_1_index": 5, "cat_0_index": 9, "rank": 3, "cat-1": "number in clust: 1", "ini": 2, "cat-0": "Majority Tissue: 5", "rankvar": 6}, {"group": [8.0, 8.0, 8.0, 7.0, 7.0, 3.0, 2.0, 2.0, 1.0, 1.0, 1.0], "name": "Cluster: cluster-9", "clust": 9, "cat_1_index": 9, "cat_0_index": 5, "rank": 5, "cat-1": "number in clust: 9", "ini": 1, "cat-0": "Majority Tissue: 3", "rankvar": 4}], "links": [], "mat": [[1.0, 0.0, -0.252931396707996, 0.1536096920888177, 0.18622072680742396, 0.1915977102684593, 0.0, -0.1174169911647347, 0.0, 0.0], [0.0, 1.0, 0.0, 0.0, 0.0, 0.19152066844445836, 0.19174811447871343, 0.0, 0.0, 0.0], [-0.252931396707996, 0.0, 1.0, -0.22706962666018016, 0.0, 0.0, 0.0, -0.11985887868505096, -0.10577012133133423, -0.29009068261716586], [0.1536096920888177, 0.0, -0.22706962666018016, 1.0, -0.14743264520080168, 0.0, 0.0, 0.21841254970046042, 0.0, -0.12514227953346824], [0.18622072680742396, 0.0, 0.0, -0.14743264520080168, 1.0, 0.4158528440778986, 0.1991288449846217, -0.1497761676618603, 0.41268940440075297, 0.0], [0.1915977102684593, 0.19152066844445836, 0.0, 0.0, 0.4158528440778986, 1.0, 0.11237791181456824, 0.0, 0.0, 0.18127856321918812], [0.0, 0.19174811447871343, 0.0, 0.0, 0.1991288449846217, 0.11237791181456824, 1.0, 0.0, 0.0, 0.23265524749387556], [-0.1174169911647347, 0.0, -0.11985887868505096, 0.21841254970046042, -0.1497761676618603, 0.0, 0.0, 1.0, -0.18760664758230838, 0.162565713216141], [0.0, 0.0, -0.10577012133133423, 0.0, 0.41268940440075297, 0.0, 0.0, -0.18760664758230838, 1.0, 0.0], [0.0, 0.0, -0.29009068261716586, -0.12514227953346824, 0.0, 0.18127856321918812, 0.23265524749387556, 0.162565713216141, 0.0, 1.0]]}